region:WorldLarge
percentageDemand:1.0
service:ABX
numOfPorts:10
ports:CNXMN,TWKHH,HKHKG,CNYTN,SGSIN,EGSUZ,USNYC,USORF,USSAV,CNXMN
timeWindowStart:0.0,33.4,77.52,98.47,39.88,24.32,30.68,92.04,146.47,0.0
timeWindowEnd:18.0,57.4,97.52,122.47,57.88,43.32,76.68,121.04,170.47,18.0
fixedSailingCost:0 32571.0 36081.9 36695.25 205155.0 850906.8 1459561.5 1439003.7 1316397.15 0,64951.65 0 42553.8 43167.15 207016.2 841304.7 1432975.95 1411212.6 1325851.2 64951.65,36081.9 42553.8 0 2009.25 180028.8 823475.25 1483926.3 1462628.25 1347762.6 36081.9,36695.25 43167.15 613.35 0 180642.15 821804.4 1476756.45 1454654.7 1348375.95 36695.25,205155.0 207016.2 180028.8 180642.15 0 639660.6 1320436.8 1319633.1 1325851.2 205155.0,844244.55 839718.45 817701.3 820239.3 635028.75 0 683906.4 683102.7 721891.8 844244.55,1477264.05 1457108.1 1498033.35 1498371.75 1286491.05 651123.9 0 32486.4 84071.25 1477264.05,1453956.75 1433864.25 1473520.5 1473499.35 1305378.0 670645.35 31767.3 0 53784.45 1453956.75,1316397.15 1325851.2 1347762.6 1348375.95 1325851.2 736908.3 85636.35 59050.8 0 1316397.15,0 32571.0 36081.9 36695.25 205155.0 850906.8 1459561.5 1439003.7 1316397.15 0
sailingTime:0 15.4 17.06 17.35 97.0 402.32 690.1 680.38 622.41 0,30.71 0 20.12 20.41 97.88 397.78 677.53 667.24 626.88 30.71,17.06 20.12 0 0.95 85.12 389.35 701.62 691.55 637.24 17.06,17.35 20.41 0.29 0 85.41 388.56 698.23 687.78 637.53 17.35,97.0 97.88 85.12 85.41 0 302.44 624.32 623.94 626.88 97.0,399.17 397.03 386.62 387.82 300.25 0 323.36 322.98 341.32 399.17,698.47 688.94 708.29 708.45 608.27 307.86 0 15.36 39.75 698.47,687.45 677.95 696.7 696.69 617.2 317.09 15.02 0 25.43 687.45,622.41 626.88 637.24 637.53 626.88 348.42 40.49 27.92 0 622.41,0 15.4 17.06 17.35 97.0 402.32 690.1 680.38 622.41 0
numOfDemands:33
demands:d1,d2,d3,d4,d5,d6,d7,d8,d9,d10,d11,d12,d13,d14,d15,d16,d17,d18,d19,d20,d21,d22,d23,d24,d25,d26,d27,d28,d29,d30,d31,d32,d33
demandSource:1,1,1,4,4,4,6,6,6,6,3,3,3,5,5,5,5,2,2,2,7,7,7,7,7,8,8,8,8,8,9,9,9
demandDestination:6,7,8,6,7,8,1,3,5,9,6,7,8,6,7,8,9,6,7,8,4,3,5,2,9,1,4,3,5,2,6,5,7
demandAmount:59,222,703,154,85,4918,58,22,15,83,116,130,1822,61,595,209,277,51,110,421,3,182,269,49,7,106,162,1029,220,421,32,349,137
demandRevenue:2869.30232558,2338.71,1736.00,2889.32692308,2344.13,1831.17,750.487804878,1000.0,1107.27272727,1558.18181818,2834.79166667,2330.79,1763.63,2853.125,2259.84,2029.19,2279.74,2814.70588235,2075.32,1707.27,1350.00,1487.22,1284.46,1334.11,2416.66666667,1275.54,1232.72,1396.71,1413.85,1498.47,1693.75,1508.79,3810.64516129
demandTransitTime:648,96,288,1464,720,264,744,768,504,504,720,456,240,600,576,720,792,696,288,432,864,528,744,408,408,744,624,456,720,456,552,936,144
capacity:15000
charterCost:385000.0
random:0
region_file:Sample_Data/lss_instances/src/Demand_WorldLarge.csv
region_fleet_file:Sample_Data/lss_instances/src/fleet_WorldLarge.csv
destination_path:Sample_Data/lss_instances/industrial
prefix:lss
general_fleet_file:Sample_Data/fleet_data.csv
distance_matrix:Sample_Data/dist_dense.csv
additional_distance_matrix:Sample_Data/distances.csv
use_real_world:True
use_additional_demand:False
real_world_source:Sample_Data/lss_instances/industrial/src/nobutterfly/tight/awe8.csv
additional_demand_file:Sample_Data/generated_demands.csv
fix_fixedCostPerHour:400
fix_timeWindowLength:20
flag_subsetOfDemands:True
vesselClass:Super_panamax
designSpeed:17.0
designConsumption:126.9
demand_variation:h
transittime_variation:('nbtight', 1.0)
shuffled_time_windows:False
fix_variation:[1.0]
file:awe8.csv
fix_numberOfInstancesPerScenario:1
seed:awe8.csv