region:WorldLarge
percentageDemand:1.0
service:ABX
numOfPorts:10
ports:TWTPE,CNNGB,CNSHA,LKCMB,EGSUZ,GBFXT,DEHAM,NLRTM,FRLEH,TWTPE
timeWindowStart:146.0,22.5,68.5,134.0,1.0,30.0,102.0,0.5,67.5,146.0
timeWindowEnd:170.0,58.5,96.5,152.0,18.0,70.0,144.0,48.5,89.5,170.0
fixedSailingCost:0 40502.25 47693.25 424205.55 871845.3 1275471.9 1368426.15 1284079.95 1260540.0 0,37583.55 0 10067.4 461979.45 909640.35 1318765.95 1405544.4 1327966.2 1303559.1 37583.55,47925.9 10067.4 0 470524.05 914251.05 1303453.35 1341163.8 1308931.2 1283931.9 47925.9,420906.15 459631.8 470524.05 0 443007.9 838914.75 876604.05 844392.6 819372.15 420906.15,861587.55 898303.95 905494.95 440343.0 0 412551.9 505506.15 421159.95 397620.0 861587.55,1266694.65 1299963.6 1303453.35 838914.75 406799.1 0 51140.7 15058.8 46149.3 1266694.65,1361108.25 1394377.2 1341163.8 876604.05 499351.5 51140.7 0 38196.9 63576.9 1361108.25,1274689.35 1309925.25 1308931.2 844392.6 414899.55 15058.8 38196.9 0 31111.65 1274689.35,1251149.4 1284418.35 1283931.9 819372.15 392099.85 46149.3 63576.9 31111.65 0 1251149.4,0 40502.25 47693.25 424205.55 871845.3 1275471.9 1368426.15 1284079.95 1260540.0 0
sailingTime:0 19.15 22.55 200.57 412.22 603.06 647.01 607.13 596.0 0,17.77 0 4.76 218.43 430.09 623.53 664.56 627.88 616.34 17.77,22.66 4.76 0 222.47 432.27 616.29 634.12 618.88 607.06 22.66,199.01 217.32 222.47 0 209.46 396.65 414.47 399.24 387.41 199.01,407.37 424.73 428.13 208.2 0 195.06 239.01 199.13 188.0 407.37,598.91 614.64 616.29 396.65 192.34 0 24.18 7.12 21.82 598.91,643.55 659.28 634.12 414.47 236.1 24.18 0 18.06 30.06 643.55,602.69 619.35 618.88 399.24 196.17 7.12 18.06 0 14.71 602.69,591.56 607.29 607.06 387.41 185.39 21.82 30.06 14.71 0 591.56,0 19.15 22.55 200.57 412.22 603.06 647.01 607.13 596.0 0
numOfDemands:27
demands:d1,d2,d3,d4,d5,d6,d7,d8,d9,d10,d11,d12,d13,d14,d15,d16,d17,d18,d19,d20,d21,d22,d23,d24,d25,d26,d27
demandSource:3,3,3,3,3,3,7,7,7,5,5,5,5,9,9,6,6,6,4,4,4,4,4,4,8,8,8
demandDestination:7,5,9,6,4,8,3,5,4,3,6,4,8,3,4,3,5,4,3,7,5,9,6,8,3,5,4
demandAmount:580,306,339,1756,601,5218,160,3,27,47,107,7,11,76,14,340,23,227,128,52,9,35,312,468,2203,60,378
demandRevenue:3027.25,2946.66666667,3113.34,3100.47,1282.65,3061.08,960.35,850.0,1471.29,770.222222222,818.269230769,1393.33333333,920.0,1047.14,1468.75,1007.66,996.206896552,1558.57,792.60,2187.67,2160.90909091,2114.32,1960.13,2113.80,982.33,844.411764706,1453.93
demandTransitTime:936,816,720,696,336,768,816,528,792,720,168,360,312,768,648,888,264,648,312,840,408,672,576,600,768,312,600
capacity:15000
charterCost:385000.0
random:0
region_file:Sample_Data/lss_instances/src/Demand_WorldLarge.csv
region_fleet_file:Sample_Data/lss_instances/src/fleet_WorldLarge.csv
destination_path:Sample_Data/lss_instances/industrial
prefix:lss
general_fleet_file:Sample_Data/fleet_data.csv
distance_matrix:Sample_Data/dist_dense.csv
additional_distance_matrix:Sample_Data/distances.csv
use_real_world:True
use_additional_demand:False
real_world_source:Sample_Data/lss_instances/industrial/src/nobutterfly/ces.csv
additional_demand_file:Sample_Data/generated_demands.csv
fix_fixedCostPerHour:400
fix_timeWindowLength:20
flag_subsetOfDemands:True
vesselClass:Super_panamax
designSpeed:17.0
designConsumption:126.9
demand_variation:h
transittime_variation:('nbcfeas', 1.0)
shuffled_time_windows:False
fix_variation:[1.0]
file:ces.csv
fix_numberOfInstancesPerScenario:1
seed:ces.csv